===============================================================================

a) FIFO

|------------------+---+---+---+---+---+---+---+---+---+---|
| Reference String | 3 | 1 | 2 | 4 | 1 | 3 | 2 | 4 | 1 | 3 |
|------------------+---+---+---+---+---+---+---+---+---+---|
|          Frame 0 | 3 | 3 | 2 | 2 | 1 | 1 | 2 | 2 | 1 | 1 |
|------------------+---+---+---+---+---+---+---+---+---+---|
|          Frame 1 |   | 1 | 1 | 4 | 4 | 3 | 3 | 4 | 4 | 3 |
|------------------+---+---+---+---+---+---+---+---+---+---|

|------------------+---+---+---+---+---+---+---+---+---+---|
| Reference String | 3 | 1 | 2 | 4 | 1 | 3 | 2 | 4 | 1 | 3 |
|------------------+---+---+---+---+---+---+---+---+---+---|
|          Frame 0 | 3 | 3 | 3 | 4 | 4 | 4 | 4 | 4 | 4 | 4 |
|------------------+---+---+---+---+---+---+---+---+---+---|
|          Frame 1 |   | 1 | 1 | 1 | 1 | 3 | 3 | 3 | 3 | 3 |
|------------------+---+---+---+---+---+---+---+---+---+---|
|          Frame 2 |   |   | 2 | 2 | 2 | 2 | 2 | 2 | 1 | 1 |
|------------------+---+---+---+---+---+---+---+---+---+---|

~~~~~~~~~~~~~~~~~~~~~~~~~~~~~~~~~~~~~~~~~~~~~~~~~~~~~~~~~~~~~~~~~~~~~~~~~~~~~~~

b) BO 

|------------------+---+---+---+---+---+---+---+---+---+---|
| Reference String | 3 | 1 | 2 | 4 | 1 | 3 | 2 | 4 | 1 | 3 |
|------------------+---+---+---+---+---+---+---+---+---+---|
|          Frame 0 | 3 | 3 | 2 | 4 | 4 | 4 | 4 | 4 | 1 | 3 |
|------------------+---+---+---+---+---+---+---+---+---+---|
|          Frame 1 |   | 1 | 1 | 1 | 1 | 3 | 2 | 2 | 2 | 2 |
|------------------+---+---+---+---+---+---+---+---+---+---|

|------------------+---+---+---+---+---+---+---+---+---+---|
| Reference String | 3 | 1 | 2 | 4 | 1 | 3 | 2 | 4 | 1 | 3 |
|------------------+---+---+---+---+---+---+---+---+---+---|
|          Frame 0 | 3 | 3 | 3 | 3 | 3 | 3 | 2 | 2 | 2 | 3 |
|------------------+---+---+---+---+---+---+---+---+---+---|
|          Frame 1 |   | 1 | 1 | 1 | 1 | 1 | 1 | 1 | 1 | 1 |
|------------------+---+---+---+---+---+---+---+---+---+---|
|          Frame 2 |   |   | 2 | 4 | 4 | 4 | 4 | 4 | 4 | 4 |
|------------------+---+---+---+---+---+---+---+---+---+---|

~~~~~~~~~~~~~~~~~~~~~~~~~~~~~~~~~~~~~~~~~~~~~~~~~~~~~~~~~~~~~~~~~~~~~~~~~~~~~~~

c) LRU

|------------------+---+---+---+---+---+---+---+---+---+---|
| Reference String | 3 | 1 | 2 | 4 | 1 | 3 | 2 | 4 | 1 | 3 |
|------------------+---+---+---+---+---+---+---+---+---+---|
|          Frame 0 | 3 | 3 | 2 | 2 | 1 | 3 | 3 | 4 | 4 | 3 |
|------------------+---+---+---+---+---+---+---+---+---+---|
|          Frame 1 |   | 1 | 1 | 4 | 4 | 4 | 2 | 2 | 1 | 1 |
|------------------+---+---+---+---+---+---+---+---+---+---|

|------------------+---+---+---+---+---+---+---+---+---+---|
| Reference String | 3 | 1 | 2 | 4 | 1 | 3 | 2 | 4 | 1 | 3 |
|------------------+---+---+---+---+---+---+---+---+---+---|
|          Frame 0 | 3 | 3 | 3 | 4 | 4 | 4 | 2 | 2 | 2 | 3 |
|------------------+---+---+---+---+---+---+---+---+---+---|
|          Frame 1 |   | 1 | 1 | 1 | 1 | 1 | 1 | 4 | 4 | 4 |
|------------------+---+---+---+---+---+---+---+---+---+---|
|          Frame 2 |   |   | 2 | 2 | 2 | 3 | 3 | 3 | 1 | 1 |
|------------------+---+---+---+---+---+---+---+---+---+---|

===============================================================================
